########################################################################################################################
# SCHEDULER D (RESERVED-MIRROR, N-GENERIC) BATTERY  seeds=24 T=9s medians  physics=nsched_model(UNMODIFIED)
#   refs pull/A(ewma-cap)/push/oracle = ackclock_sim.Sim(mirror=False), same two-stage physics.  D & redundant = reserved_dp.SimD
#   D reserve r: 0.05 in-flight-scale | 0.15 mid | 0.30 ~full-stream.   loads: 0.65 spare | 0.85 tight
########################################################################################################################
========================================================================================================================
N2  1 cell(spotty) + 1 eth(steady)   | N=2 spotty=1 nominal_agg=107000
========================================================================================================================
  --- rig edge      ---   [ load=0.65  load=0.85 ]
    scheduler      |      gp  loss  p50  p95   p99 tdrop  ||       gp  loss  p50  p95   p99 tdrop
    pull           |   69330   0.2   12   22    31     0  ||    87438   3.7   12  232   261     0
    ewma           |   69312   0.2   12   22    31     0  ||    87061   4.2   21  311   321     0
    push           |   69312   0.2   12   22    31     0  ||    86978   4.2   21  301   311     0
    oracle         |   69330   0.2   12   22    31     0  ||    87654   3.5   12  222   261     0
    D:0.05         |   69381   0.1   12   21    31     0  ||    87458   3.7   12  241   261     0
    D:0.15         |   69083   0.5   11   42    52     0  ||    87360   3.8   12  251   262     0
    D:0.30         |   68972   0.7   11   45    62     0  ||    86749   4.5   22  262   281     0
    redundant      |   69115   0.5   11   51    52     0  ||    75538  16.8  484  618   633     0
    [D.15 diag]    | armed=0.87 res_tx=9023 aged=5           ||  armed=0.86 res_tx=6355 aged=59        

  --- rig mid       ---   [ load=0.65  load=0.85 ]
    scheduler      |      gp  loss  p50  p95   p99 tdrop  ||       gp  loss  p50  p95   p99 tdrop
    pull           |   60578  12.8   82  210   233  3256  ||    78682  13.4   86  217   241  4997
    ewma           |   65848   5.2   78  175   226  1379  ||    85083   6.3   97  329   357  1367
    push           |   65848   5.2   78  175   226  1379  ||    85083   6.3   97  329   357  1367
    oracle         |   67309   3.1   77  122   196    40  ||    85454   5.9   95  286   315    40
    D:0.05         |   61147  12.0   79  208   231  3256  ||    75113  17.3  100  245   305  4997
    D:0.15         |   63399   8.7   66  191   220  3256  ||    51129  43.7  209  426   495  7085
    D:0.30         |   68323   1.6   21   61    70  3256  ||    46414  48.9  268  448   498 11798
    redundant      |   69046   0.6   21   60    69 38606  ||    73186  19.4  375  504   521 68377
    [D.15 diag]    | armed=1.00 res_tx=11700 aged=624        ||  armed=1.00 res_tx=11700 aged=2492     

  --- rig mid_shape ---   [ load=0.65  load=0.85 ]
    scheduler      |      gp  loss  p50  p95   p99 tdrop  ||       gp  loss  p50  p95   p99 tdrop
    pull           |   60686  12.6   82  208   233  2895  ||    78791  13.3   86  216   241  4635
    ewma           |   67106   3.4   79  161   200     0  ||    85316   6.1   97  286   310     0
    push           |   67106   3.4   79  161   200     0  ||    85316   6.1   97  286   310     0
    oracle         |   67238   3.2   80  115   130     0  ||    85625   5.7   96  272   304     0
    D:0.05         |   61168  11.9   78  209   231  2895  ||    75362  17.0   99  252   308  4635
    D:0.15         |   63222   9.0   66  197   221  2895  ||    52614  42.1  213  428   498  6723
    D:0.30         |   68406   1.5   21   61    70  2895  ||    48062  47.1  279  452   500 11436
    redundant      |   69048   0.6   20   60    69 38116  ||    72551  20.1  373  503   520 67887
    [D.15 diag]    | armed=1.00 res_tx=11700 aged=745        ||  armed=1.00 res_tx=11700 aged=2519     

========================================================================================================================
N3  2 cell(spotty) + 1 eth(steady)   | N=3 spotty=2 nominal_agg=129000
========================================================================================================================
  --- rig edge      ---   [ load=0.65  load=0.85 ]
    scheduler      |      gp  loss  p50  p95   p99 tdrop  ||       gp  loss  p50  p95   p99 tdrop
    pull           |   83531   0.3   13   23   107     0  ||   105180   4.0   13  203   267     0
    ewma           |   83534   0.3   13   23   107     0  ||   103207   5.8   42  193   251     0
    push           |   83534   0.3   13   23   107     0  ||   103018   5.9   32  223   263     0
    oracle         |   83531   0.3   13   23   107     0  ||   105667   3.5   13  197   267     0
    D:0.05         |   83392   0.4   13   33    43     0  ||   104998   4.1   13  213   277     0
    D:0.15         |   83192   0.7   13   53    63     0  ||   104863   4.2   21  217   287     0
    D:0.30         |   82768   1.2   13   63    73     0  ||   104071   5.0   42  223   297     0
    redundant      |   75383  10.0  381  671   741     0  ||    72868  33.5  511  627   639     0
    [D.15 diag]    | armed=1.00 res_tx=11053 aged=0          ||  armed=0.99 res_tx=6498 aged=103       

  --- rig mid       ---   [ load=0.65  load=0.85 ]
    scheduler      |      gp  loss  p50  p95   p99 tdrop  ||       gp  loss  p50  p95   p99 tdrop
    pull           |   69642  16.8  104  236   252  4763  ||    88636  19.1  118  242   262  7884
    ewma           |   78277   6.5   93  204   244  1575  ||    99752   8.9  126  284   334  1477
    push           |   78277   6.5   93  204   244  1575  ||    99752   8.9  126  284   334  1477
    oracle         |   79942   4.5   92  143   220    40  ||   101341   7.5  108  263   326    40
    D:0.05         |   70353  16.0  103  232   250  4763  ||    84721  22.6  130  254   314  7884
    D:0.15         |   73913  11.7   88  209   238  4763  ||    50650  53.7  190  372   462 10048
    D:0.30         |   58644  30.0   94  274   349  4763  ||    41820  61.8  168  384   472 14685
    redundant      |   74934  10.5  270  500   532 112860  ||    69180  36.8  404  520   536 163608
    [D.15 diag]    | armed=1.00 res_tx=11700 aged=1680       ||  armed=1.00 res_tx=11700 aged=6639     

  --- rig mid_shape ---   [ load=0.65  load=0.85 ]
    scheduler      |      gp  loss  p50  p95   p99 tdrop  ||       gp  loss  p50  p95   p99 tdrop
    pull           |   69636  16.8  104  234   252  4035  ||    88776  18.9  114  242   260  7238
    ewma           |   79563   5.0   96  188   212     0  ||   100551   8.2  128  264   326     0
    push           |   79563   5.0   96  188   212     0  ||   100551   8.2  128  264   326     0
    oracle         |   79801   4.7   95  129   144     0  ||   101451   7.4  108  222   312     0
    D:0.05         |   70192  16.2  103  232   252  4035  ||    84775  22.6  126  254   314  7238
    D:0.15         |   73647  12.1   89  212   242  4035  ||    50920  53.5  190  372   462  9402
    D:0.30         |   58483  30.2   94  274   349  4035  ||    42091  61.6  169  384   472 14039
    redundant      |   73513  12.2  268  500   532 112043  ||    67777  38.1  402  518   534 162791
    [D.15 diag]    | armed=1.00 res_tx=11700 aged=1832       ||  armed=1.00 res_tx=11700 aged=6477     

========================================================================================================================
N3  1 cell(spotty) + 1 wifi(steady) + 1 eth(steady)   | N=3 spotty=1 nominal_agg=152000
========================================================================================================================
  --- rig edge      ---   [ load=0.65  load=0.85 ]
    scheduler      |      gp  loss  p50  p95   p99 tdrop  ||       gp  loss  p50  p95   p99 tdrop
    pull           |   98095   0.6   14   14    22     0  ||   126058   2.3   14  154   174     0
    ewma           |   98090   0.6   14   14    22     0  ||   125546   2.7   14  224   234     0
    push           |   98090   0.6   14   14    22     0  ||   125503   2.7   14  214   224     0
    oracle         |   98095   0.6   14   14    22     0  ||   126435   2.0   14  144   164     0
    D:0.05         |   98144   0.5   14   14    20     0  ||   126050   2.3   14  164   184     0
    D:0.15         |   98163   0.5   14   14    14     0  ||   125524   2.7   14  184   204     0
    D:0.30         |   98163   0.5   14   14    14     0  ||   125349   2.9   34  184   204     0
    redundant      |   74542  24.5  610  739   753     0  ||    71395  44.7  525  625   637     0
    [D.15 diag]    | armed=0.87 res_tx=11237 aged=0          ||  armed=0.86 res_tx=9441 aged=54        

  --- rig mid       ---   [ load=0.65  load=0.85 ]
    scheduler      |      gp  loss  p50  p95   p99 tdrop  ||       gp  loss  p50  p95   p99 tdrop
    pull           |   88843  10.0   82  211   234  3256  ||   114493  11.3   87  216   238  4997
    ewma           |   94056   4.7   78  177   226  1379  ||   122415   5.1   92  249   300  1369
    push           |   94056   4.7   78  177   226  1379  ||   122415   5.1   92  249   300  1369
    oracle         |   95495   3.2   77  122   196    40  ||   123063   4.6   93  210   239    40
    D:0.05         |   89631   9.2   77  210   231  3256  ||   107359  16.8  105  230   272  4997
    D:0.15         |   97406   1.3   35   44    48  3256  ||    67500  47.7  177  416   478  7142
    D:0.30         |   97406   1.3   35   44    48  3256  ||    70019  45.7  189  425   488  9163
    redundant      |   72035  27.0  390  507   521 130447  ||    70088  45.7  409  511   525 202614
    [D.15 diag]    | armed=1.00 res_tx=16200 aged=0          ||  armed=1.00 res_tx=18000 aged=1        

  --- rig mid_shape ---   [ load=0.65  load=0.85 ]
    scheduler      |      gp  loss  p50  p95   p99 tdrop  ||       gp  loss  p50  p95   p99 tdrop
    pull           |   88949   9.9   82  210   234  2895  ||   114612  11.2   87  216   238  4635
    ewma           |   95309   3.4   79  161   200     0  ||   122893   4.8   97  216   244     0
    push           |   95309   3.4   79  161   200     0  ||   122893   4.8   97  216   244     0
    oracle         |   95443   3.3   80  116   132     0  ||   123333   4.4   95  197   220     0
    D:0.05         |   89640   9.2   77  210   231  2895  ||   107732  16.5  105  234   279  4635
    D:0.15         |   97402   1.3   35   44    48  2895  ||    69472  46.2  180  428   485  6780
    D:0.30         |   97402   1.3   35   44    48  2895  ||    72243  44.0  189  435   495  8801
    redundant      |   71438  27.6  388  505   520 129957  ||    69520  46.1  407  510   524 202124
    [D.15 diag]    | armed=1.00 res_tx=16200 aged=0          ||  armed=1.00 res_tx=18000 aged=0        

========================================================================================================================
N4  2 cell + 1 wifi + 1 eth  [heterogeneous]   | N=4 spotty=2 nominal_agg=174000
========================================================================================================================
  --- rig edge      ---   [ load=0.65  load=0.85 ]
    scheduler      |      gp  loss  p50  p95   p99 tdrop  ||       gp  loss  p50  p95   p99 tdrop
    pull           |  112434   0.5   14   14    77     0  ||   144016   2.5   14  124   227     0
    ewma           |  112437   0.5   14   14    67     0  ||   141773   4.0   24  124   137     0
    push           |  112437   0.5   14   14    67     0  ||   141425   4.3   24  153   183     0
    oracle         |  112434   0.5   14   14    77     0  ||   144575   2.1   14  124   217     0
    D:0.05         |  112503   0.4   14   14    21     0  ||   143644   2.8   14  127   237     0
    D:0.15         |  112425   0.5   14   22    24     0  ||   143074   3.1   24  143   247     0
    D:0.30         |  111966   0.9   14   61    63     0  ||   142519   3.5   44  144   257     0
    redundant      |   72424  35.9  625  745   757     0  ||    71146  51.8  525  633   645     0
    [D.15 diag]    | armed=1.00 res_tx=16875 aged=0          ||  armed=1.00 res_tx=10867 aged=97       

  --- rig mid       ---   [ load=0.65  load=0.85 ]
    scheduler      |      gp  loss  p50  p95   p99 tdrop  ||       gp  loss  p50  p95   p99 tdrop
    pull           |   98047  13.2  105  236   252  4763  ||   123937  16.1  119  242   254  7540
    ewma           |  106631   5.6   92  204   244  1616  ||   137376   7.0  111  242   294  1476
    push           |  106631   5.6   92  204   244  1616  ||   137376   7.0  111  242   294  1476
    oracle         |  108316   4.1   92  142   220    40  ||   138831   6.0  105  206   264    40
    D:0.05         |   99163  12.2  102  232   250  4763  ||   116218  21.3  142  250   284  7540
    D:0.15         |  106610   5.6   78  153   212  4763  ||    67143  54.5  182  364   462 10331
    D:0.30         |  101406  10.2   50  140   149  4763  ||    52298  64.6  170  394   482 16933
    redundant      |   68576  39.3  406  518   532 230734  ||    68429  53.7  406  518   532 297845
    [D.15 diag]    | armed=1.00 res_tx=18000 aged=198        ||  armed=1.00 res_tx=18000 aged=1488     

  --- rig mid_shape ---   [ load=0.65  load=0.85 ]
    scheduler      |      gp  loss  p50  p95   p99 tdrop  ||       gp  loss  p50  p95   p99 tdrop
    pull           |   98047  13.2  105  234   252  4035  ||   124050  16.0  115  240   254  6893
    ewma           |  107961   4.4   95  186   213     0  ||   137896   6.6  121  223   254     0
    push           |  107961   4.4   95  186   213     0  ||   137896   6.6  121  223   254     0
    oracle         |  108171   4.2   95  128   143     0  ||   138967   5.9  106  175   206     0
    D:0.05         |   98998  12.4  102  232   250  4035  ||   116237  21.3  141  250   284  6893
    D:0.15         |  106666   5.6   77  152   212  4035  ||    67341  54.4  182  364   462  9684
    D:0.30         |  101385  10.2   50  140   149  4035  ||    52534  64.4  170  394   482 16286
    redundant      |   67172  40.5  404  516   532 229917  ||    67026  54.6  404  516   532 297028
    [D.15 diag]    | armed=1.00 res_tx=18000 aged=198        ||  armed=1.00 res_tx=18000 aged=1477     

========================================================================================================================
N3  ALL-SPOTTY correlated (shared stalls)   | N=3 spotty=3 nominal_agg=68000
========================================================================================================================
  --- rig edge      ---   [ load=0.65  load=0.85 ]
    scheduler      |      gp  loss  p50  p95   p99 tdrop  ||       gp  loss  p50  p95   p99 tdrop
    pull           |   41993   4.9   22  343   403     0  ||    51307  11.1  133  431   568     0
    ewma           |   41364   6.3   33  499   632     0  ||    47765  17.3  183  452   561     0
    push           |   40993   7.1   33  499   632     0  ||    47905  17.0  183  462   561     0
    oracle         |   42178   4.5   22  343   403     0  ||    52029   9.9  132  363   417     0
    D:0.05         |   41993   4.9   22  343   403     0  ||    51307  11.1  133  431   568     0
    D:0.15         |   41993   4.9   22  343   403     0  ||    51307  11.1  133  431   568     0
    D:0.30         |   41993   4.9   22  343   403     0  ||    51307  11.1  133  431   568     0
    redundant      |   31317  29.1  432  678   718     0  ||    29918  48.2  478  595   614     0
    [D.15 diag]    | armed=0.00 res_tx=0 aged=0              ||  armed=0.00 res_tx=0 aged=0            

  --- rig mid       ---   [ load=0.65  load=0.85 ]
    scheduler      |      gp  loss  p50  p95   p99 tdrop  ||       gp  loss  p50  p95   p99 tdrop
    pull           |   25098  43.1  144  254   271  6381  ||    29374  49.1  163  268   365 10940
    ewma           |   34855  21.0  124  268   354  3612  ||    42333  26.7  186  385   464  5996
    push           |   34855  21.0  124  268   354  3612  ||    42333  26.7  186  385   464  5996
    oracle         |   39438  10.7  122  418   469   120  ||    49320  14.6  210  440   475     0
    D:0.05         |   25098  43.1  144  254   271  6381  ||    29374  49.1  163  268   365 10940
    D:0.15         |   25098  43.1  144  254   271  6381  ||    29374  49.1  163  268   365 10940
    D:0.30         |   25098  43.1  144  254   271  6381  ||    29374  49.1  163  268   365 10940
    redundant      |   29965  32.1  216  620   794 63512  ||    29680  48.6  349  623   801 100761
    [D.15 diag]    | armed=0.00 res_tx=0 aged=0              ||  armed=0.00 res_tx=0 aged=0            

  --- rig mid_shape ---   [ load=0.65  load=0.85 ]
    scheduler      |      gp  loss  p50  p95   p99 tdrop  ||       gp  loss  p50  p95   p99 tdrop
    pull           |   25728  41.7  148  264   370  5297  ||    30290  47.5  169  292   395 10115
    ewma           |   38805  12.1  140  393   411     0  ||    46080  20.2  245  475   573  1169
    push           |   38805  12.1  140  393   411     0  ||    46080  20.2  245  475   573  1169
    oracle         |   39670  10.1  120  333   380     0  ||    50097  13.2  208  420   454     0
    D:0.05         |   25728  41.7  148  264   370  5297  ||    30290  47.5  169  292   395 10115
    D:0.15         |   25728  41.7  148  264   370  5297  ||    30290  47.5  169  292   395 10115
    D:0.30         |   25728  41.7  148  264   370  5297  ||    30290  47.5  169  292   395 10115
    redundant      |   29981  32.1  184  552   751 62603  ||    29834  48.3  338  573   751 99780
    [D.15 diag]    | armed=0.00 res_tx=0 aged=0              ||  armed=0.00 res_tx=0 aged=0            

========================================================================================================================
N3  ALL-SPOTTY independent (staggered stalls)   | N=3 spotty=3 nominal_agg=68000
========================================================================================================================
  --- rig edge      ---   [ load=0.65  load=0.85 ]
    scheduler      |      gp  loss  p50  p95   p99 tdrop  ||       gp  loss  p50  p95   p99 tdrop
    pull           |   42101   4.6   22  182   283     0  ||    53397   7.5  143  393   514     0
    ewma           |   41045   7.0   72  239   354     0  ||    47463  17.8  311  549   579     0
    push           |   39919   9.6   73  243   401     0  ||    46602  19.3  311  537   577     0
    oracle         |   42202   4.4   22  174   264     0  ||    53819   6.8  133  413   556     0
    D:0.05         |   42101   4.6   22  182   283     0  ||    53397   7.5  143  393   514     0
    D:0.15         |   42101   4.6   22  182   283     0  ||    53397   7.5  143  393   514     0
    D:0.30         |   42101   4.6   22  182   283     0  ||    53397   7.5  143  393   514     0
    redundant      |   34978  20.8  472  686   710     0  ||    33581  41.8  487  595   609     0
    [D.15 diag]    | armed=0.00 res_tx=0 aged=0              ||  armed=0.00 res_tx=0 aged=0            

  --- rig mid       ---   [ load=0.65  load=0.85 ]
    scheduler      |      gp  loss  p50  p95   p99 tdrop  ||       gp  loss  p50  p95   p99 tdrop
    pull           |   27003  38.8  154  260   281  6693  ||    32205  44.2  174  277   365 11013
    ewma           |   35257  20.1  125  257   343  2909  ||    43015  25.5  231  420   493  4134
    push           |   35257  20.1  125  257   343  2909  ||    43092  25.4  225  418   493  4219
    oracle         |   39701  10.1  119  250   324    75  ||    51052  11.6  220  476   587    40
    D:0.05         |   27003  38.8  154  260   281  6693  ||    32205  44.2  174  277   365 11013
    D:0.15         |   27003  38.8  154  260   281  6693  ||    32205  44.2  174  277   365 11013
    D:0.30         |   27003  38.8  154  260   281  6693  ||    32205  44.2  174  277   365 11013
    redundant      |   33885  23.2  280  504   560 61967  ||    32494  43.7  394  525   593 99216
    [D.15 diag]    | armed=0.00 res_tx=0 aged=0              ||  armed=0.00 res_tx=0 aged=0            

  --- rig mid_shape ---   [ load=0.65  load=0.85 ]
    scheduler      |      gp  loss  p50  p95   p99 tdrop  ||       gp  loss  p50  p95   p99 tdrop
    pull           |   26866  39.1  154  261   284  5359  ||    32617  43.5  173  282   357  9886
    ewma           |   38477  12.8  129  256   347     0  ||    48017  16.8  219  497   550    50
    push           |   38477  12.8  129  256   347     0  ||    48017  16.8  219  497   550    50
    oracle         |   39634  10.2  115  226   306     0  ||    51060  11.5  172  442   557     0
    D:0.05         |   26866  39.1  154  261   284  5359  ||    32617  43.5  173  282   357  9886
    D:0.15         |   26866  39.1  154  261   284  5359  ||    32617  43.5  173  282   357  9886
    D:0.30         |   26866  39.1  154  261   284  5359  ||    32617  43.5  173  282   357  9886
    redundant      |   34145  22.7  275  503   560 60721  ||    32702  43.4  378  521   593 97970
    [D.15 diag]    | armed=0.00 res_tx=0 aged=0              ||  armed=0.00 res_tx=0 aged=0            

========================================================================================================================
N2  ALL-STEADY (wifi + eth)  no-op check   | N=2 spotty=0 nominal_agg=123000
========================================================================================================================
  --- rig edge      ---   [ load=0.65  load=0.85 ]
    scheduler      |      gp  loss  p50  p95   p99 tdrop  ||       gp  loss  p50  p95   p99 tdrop
    pull           |   79276   0.7   14   14    14     0  ||   103677   0.7   14   24    24     0
    ewma           |   79276   0.7   14   14    14     0  ||   103677   0.7   14   24    24     0
    push           |   79276   0.7   14   14    14     0  ||   103677   0.7   14   24    24     0
    oracle         |   79276   0.7   14   14    14     0  ||   103677   0.7   14   24    24     0
    D:0.05         |   79276   0.7   14   14    14     0  ||   103677   0.7   14   24    24     0
    D:0.15         |   79276   0.7   14   14    14     0  ||   103677   0.7   14   24    24     0
    D:0.30         |   79276   0.7   14   14    14     0  ||   103677   0.7   14   24    24     0
    redundant      |   75695   5.2  201  381   421     0  ||    74034  29.1  490  574   586     0
    [D.15 diag]    | armed=0.00 res_tx=0 aged=0              ||  armed=0.00 res_tx=0 aged=0            

  --- rig mid       ---   [ load=0.65  load=0.85 ]
    scheduler      |      gp  loss  p50  p95   p99 tdrop  ||       gp  loss  p50  p95   p99 tdrop
    pull           |   78540   1.6   35   43    47     0  ||   101262   3.0   38   66    72     0
    ewma           |   78540   1.6   35   43    47     0  ||   101495   2.8   38   63    70     0
    push           |   78540   1.6   35   43    47     0  ||   101495   2.8   38   63    70     0
    oracle         |   78540   1.6   35   43    47     0  ||   101339   2.9   38   65    71     0
    D:0.05         |   78540   1.6   35   43    47     0  ||   101262   3.0   38   66    72     0
    D:0.15         |   78540   1.6   35   43    47     0  ||   101262   3.0   38   66    72     0
    D:0.30         |   78540   1.6   35   43    47     0  ||   101262   3.0   38   66    72     0
    redundant      |   75455   5.5  191  402   443 31474  ||    73607  29.5  375  454   465 75523
    [D.15 diag]    | armed=0.00 res_tx=0 aged=0              ||  armed=0.00 res_tx=0 aged=0            

  --- rig mid_shape ---   [ load=0.65  load=0.85 ]
    scheduler      |      gp  loss  p50  p95   p99 tdrop  ||       gp  loss  p50  p95   p99 tdrop
    pull           |   78540   1.6   35   43    47     0  ||   101262   3.0   38   66    72     0
    ewma           |   78540   1.6   35   43    47     0  ||   101495   2.8   38   63    70     0
    push           |   78540   1.6   35   43    47     0  ||   101495   2.8   38   63    70     0
    oracle         |   78540   1.6   35   43    47     0  ||   101339   2.9   38   65    71     0
    D:0.05         |   78540   1.6   35   43    47     0  ||   101262   3.0   38   66    72     0
    D:0.15         |   78540   1.6   35   43    47     0  ||   101262   3.0   38   66    72     0
    D:0.30         |   78540   1.6   35   43    47     0  ||   101262   3.0   38   66    72     0
    redundant      |   75455   5.5  191  402   443 31474  ||    73607  29.5  375  454   465 75523
    [D.15 diag]    | armed=0.00 res_tx=0 aged=0              ||  armed=0.00 res_tx=0 aged=0            

========================================================================================================================
N3  ALL-STEADY (wifi + wifi2 + eth)  no-op check   | N=3 spotty=0 nominal_agg=161000
========================================================================================================================
  --- rig edge      ---   [ load=0.65  load=0.85 ]
    scheduler      |      gp  loss  p50  p95   p99 tdrop  ||       gp  loss  p50  p95   p99 tdrop
    pull           |  103426   1.0   14   14    14     0  ||   135305   1.0   14   14    14     0
    ewma           |  103426   1.0   14   14    14     0  ||   135304   1.0   14   14    14     0
    push           |  103426   1.0   14   14    14     0  ||   135304   1.0   14   14    14     0
    oracle         |  103426   1.0   14   14    14     0  ||   135305   1.0   14   14    14     0
    D:0.05         |  103426   1.0   14   14    14     0  ||   135305   1.0   14   14    14     0
    D:0.15         |  103426   1.0   14   14    14     0  ||   135305   1.0   14   14    14     0
    D:0.30         |  103426   1.0   14   14    14     0  ||   135305   1.0   14   14    14     0
    redundant      |   73932  29.3  615  702   711     0  ||    71387  47.8  508  581   591     0
    [D.15 diag]    | armed=0.00 res_tx=0 aged=0              ||  armed=0.00 res_tx=0 aged=0            

  --- rig mid       ---   [ load=0.65  load=0.85 ]
    scheduler      |      gp  loss  p50  p95   p99 tdrop  ||       gp  loss  p50  p95   p99 tdrop
    pull           |  102125   2.3   37   45    49     0  ||   123951   9.3   46  140   163     0
    ewma           |  102125   2.3   37   45    49     0  ||   131096   4.1   44   70    77     0
    push           |  102125   2.3   37   45    49     0  ||   131096   4.1   44   70    77     0
    oracle         |  102125   2.3   37   45    49     0  ||   130897   4.2   44   70    74     0
    D:0.05         |  102125   2.3   37   45    49     0  ||   123951   9.3   46  140   163     0
    D:0.15         |  102125   2.3   37   45    49     0  ||   123951   9.3   46  140   163     0
    D:0.30         |  102125   2.3   37   45    49     0  ||   123951   9.3   46  140   163     0
    redundant      |   72395  30.7  371  448   458 136339  ||    71185  47.9  379  450   460 225142
    [D.15 diag]    | armed=0.00 res_tx=0 aged=0              ||  armed=0.00 res_tx=0 aged=0            

  --- rig mid_shape ---   [ load=0.65  load=0.85 ]
    scheduler      |      gp  loss  p50  p95   p99 tdrop  ||       gp  loss  p50  p95   p99 tdrop
    pull           |  102125   2.3   37   45    49     0  ||   123951   9.3   46  140   163     0
    ewma           |  102125   2.3   37   45    49     0  ||   131096   4.1   44   70    77     0
    push           |  102125   2.3   37   45    49     0  ||   131096   4.1   44   70    77     0
    oracle         |  102125   2.3   37   45    49     0  ||   130897   4.2   44   70    74     0
    D:0.05         |  102125   2.3   37   45    49     0  ||   123951   9.3   46  140   163     0
    D:0.15         |  102125   2.3   37   45    49     0  ||   123951   9.3   46  140   163     0
    D:0.30         |  102125   2.3   37   45    49     0  ||   123951   9.3   46  140   163     0
    redundant      |   72395  30.7  371  448   458 136339  ||    71185  47.9  379  450   460 225142
    [D.15 diag]    | armed=0.00 res_tx=0 aged=0              ||  armed=0.00 res_tx=0 aged=0            

